1111|Politiker|0,0,0,0,0|1193,1193,1193,1193,1193|0,0,0,0,0|0,0,0,0,0
1112|General-, landstings- och kommundirektörer m.fl.|1150,935,1040,1335,1500|1154,952,1048,1343,1500|0,0,0,0,0|0,0,0,1145,1223
1113|Chefstjänstemän i intresseorganisationer|505,361,424,690,1000|0,0,0,0,0|505,361,424,690,1000|0,0,0,0,627
1120|Verkställande direktörer m.fl.|684,420,536,1082,1554|0,0,0,0,0|684,420,536,1082,1554|0,647,793,1003,989
1211|Ekonomi- och finanschefer, nivå 1|778,0,0,1001,1407|816,647,730,930,1064|765,0,0,1010,1472|0,605,922,912,904
1212|Ekonomi- och finanschefer, nivå 2|650,433,536,837,1125|671,558,606,755,830|650,429,525,850,1162|0,619,690,769,757
1221|Personal- och HR-chefer, nivå 1|690,0,540,890,1164|770,600,685,854,977|666,0,531,900,1201|0,611,714,851,0
1222|Personal- och HR-chefer, nivå 2|620,400,510,788,986|643,523,574,729,818|602,380,490,812,1040|0,487,672,663,794
1230|Förvaltnings- och planeringschefer|696,472,560,856,1052|683,495,562,836,990|707,426,550,884,1205|0,509,660,785,831
1241|Informations-, kommunikations- och PR-chefer, nivå 1|779,500,626,990,1307|792,642,717,900,1009|776,477,577,1029,1368|0,0,749,977,934
1242|Informations-, kommunikations - och PR-chefer, nivå 2|650,427,510,788,969|655,518,580,721,797|646,0,487,820,1057|0,0,642,711,707
1251|Försäljnings- och marknadschefer, nivå 1|710,435,550,900,1167|779,667,701,846,925|710,435,550,900,1167|0,602,753,816,783
1252|Försäljnings- och marknadschefer, nivå 2|708,450,578,925,1215|673,573,626,735,820|708,450,577,926,1220|0,0,688,838,0
1291|Övriga administrations- och servicechefer, nivå 1|644,409,500,831,1061|724,547,634,839,1004|635,400,490,831,1062|0,542,658,759,773
1292|Övriga administrations- och servicechefer, nivå 2|563,378,451,692,868|555,435,486,641,745|567,361,436,711,897|0,465,592,638,627
1311|IT-chefer, nivå 1|754,550,663,934,1194|799,628,702,903,1029|753,544,662,937,1217|0,600,770,898,886
1312|IT-chefer, nivå 2|717,480,594,841,1029|650,540,590,716,778|745,0,597,878,1072|0,651,759,826,720
1321|Inköps-, logistik- och transportchefer, nivå 1|673,438,500,830,1050|0,0,0,0,0|673,438,500,830,1050|0,537,639,795,787
1322|Inköps-, logistik- och transportchefer, nivå 2|553,0,450,702,884|0,0,0,0,0|553,0,450,702,884|0,502,579,640,637
1331|Forsknings- och utvecklingschefer, nivå 1|878,595,727,1104,1361|801,597,706,963,1075|879,595,727,1110,1370|0,0,845,1003,1025
1332|Forsknings- och utvecklingschefer, nivå 2|754,548,625,956,1155|618,518,562,700,750|780,561,644,996,1205|0,592,692,866,927
1341|Chefer inom arkitekt- och ingenjörsverksamhet, nivå 1|738,557,636,860,1061|729,611,659,829,935|742,535,620,876,1075|0,624,733,800,830
1342|Chefer inom arkitekt- och ingenjörsverksamhet, nivå 2|662,500,576,756,866|600,480,539,670,737|678,509,601,776,904|0,532,649,706,710
1351|Fastighets- och förvaltningschefer, nivå 1|0,0,0,938,1141|835,690,770,926,1094|0,0,0,938,1155|0,0,0,953,692
1352|Fastighets- och förvaltningschefer, nivå 2|550,400,502,638,813|628,536,576,700,776|550,400,491,634,813|0,0,582,622,578
1361|Driftchefer inom bygg, anläggning och gruva, nivå 1|737,0,0,967,1220|0,0,0,0,0|737,0,0,967,1220|0,579,851,0,865
1362|Driftchefer inom bygg, anläggning och gruva, nivå 2|573,427,500,719,843|0,0,0,0,0|573,427,500,719,843|0,569,578,635,687
1371|Produktionschefer inom tillverkning, nivå 1|651,431,514,843,1060|579,490,516,850,1025|653,431,514,842,1062|0,540,674,756,737
1372|Produktionschefer inom tillverkning, nivå 2|555,412,477,680,810|557,438,494,618,714|555,412,477,681,811|0,527,584,630,601
1380|Förvaltare inom skogsbruk och lantbruk m.fl.|568,385,460,660,806|539,401,462,640,785|568,0,0,660,806|0,0,577,573,0
1411|Avdelningschefer inom grund- och gymnasieskola samt vuxenutbildning, nivå 1|715,498,560,781,865|753,663,706,810,885|0,370,491,630,780|0,0,0,703,749
1412|Rektorer, nivå 2|602,515,552,648,703|605,523,560,647,695|591,459,525,652,737|0,529,567,615,623
1421|Avdelningschefer inom förskola, nivå 1|640,495,560,725,789|703,583,632,746,814|0,0,0,0,0|0,0,0,660,666
1422|Förskolechefer, nivå 2|542,449,483,588,619|560,478,515,600,638|490,404,450,570,600|0,0,523,531,564
1511|Klinik- och verksamhetschefer inom hälsa och sjukvård, nivå 1|760,500,613,964,1200|850,663,734,1085,1263|600,464,500,750,956|0,0,701,836,877
1512|Avdelnings- och enhetschefer inom hälsa och sjukvård, nivå 2|560,449,504,625,764|570,490,526,628,802|500,0,430,615,722|0,480,564,622,608
1521|Avdelningschefer inom socialt och kurativt arbete, nivå 1|670,513,577,750,807|728,628,672,779,840|570,475,528,634,772|0,0,630,693,682
1522|Enhetschefer inom socialt och kurativt arbete, nivå 2|540,378,455,585,625|565,500,531,600,638|417,344,371,479,555|0,447,510,539,547
1531|Avdelningschefer inom äldreomsorg, nivå 1|679,519,620,736,810|694,608,647,744,805|521,400,439,635,858|0,0,638,695,690
1532|Enhetschefer inom äldreomsorg, nivå 2|520,435,480,556,597|522,456,488,557,595|445,340,371,533,626|0,467,506,527,540
1540|Chefer och ledare inom trossamfund|698,517,633,770,833|0,0,0,0,0|698,517,633,770,833|0,0,0,0,0
1591|Övriga chefer inom samhällsservice, nivå 1|731,580,644,868,1020|740,592,654,871,1018|684,550,597,838,1054|0,0,698,765,811
1592|Övriga verksamhetschefer inom samhällsservice, nivå 2|545,450,497,630,767|544,457,498,625,762|562,411,487,671,804|0,498,542,592,619
1611|Chefer inom bank, finans och försäkring, nivå 1|1290,0,936,1896,2799|0,0,0,0,0|1290,0,936,1896,2799|0,0,0,1698,1826
1612|Chefer inom bank, finans och försäkring, nivå 2|753,0,586,1015,1437|0,0,0,0,0|753,0,586,1015,1437|0,642,843,1029,0
1711|Hotell- och konferenschefer, nivå 1|520,362,429,664,777|0,0,0,0,0|520,362,429,664,777|0,0,0,0,0
1712|Hotell- och konferenschefer, nivå 2|429,0,390,478,515|0,0,0,0,0|429,0,390,478,515|0,0,0,0,0
1721|Restaurang- och kökschefer, nivå 1|400,310,358,427,505|0,0,0,0,0|400,310,358,427,505|328,369,446,430,0
1722|Restaurang- och kökschefer, nivå 2|386,283,310,437,498|0,0,0,0,0|386,283,310,437,498|0,354,384,454,429
1732|Chefer inom handel, nivå 2|490,404,440,595,800|0,0,0,0,0|490,404,440,595,800|0,452,605,510,471
1742|Chefer inom friskvård, sport och fritid, nivå 2|422,300,368,534,633|0,0,0,0,0|422,300,368,534,633|0,0,444,0,0
1791|Chefer inom övrig servicenäring, nivå 1|510,365,438,651,853|0,0,0,0,0|510,365,438,651,853|0,505,558,578,619
1792|Chefer inom övrig servicenäring, nivå 2|441,361,390,550,654|0,0,0,0,0|441,361,390,550,654|0,431,478,516,488
2111|Fysiker och astronomer|512,400,433,591,679|500,400,429,577,651|608,0,520,759,0|0,425,511,578,658
2112|Meteorologer|437,362,396,505,656|418,358,385,461,572|0,0,0,0,0|0,0,0,0,0
2113|Kemister|517,398,448,609,735|464,390,419,520,582|537,404,460,640,774|0,443,532,591,630
2114|Geologer och geofysiker m.fl.|484,381,424,538,628|456,395,419,508,577|494,380,426,549,635|0,424,494,540,573
2121|Matematiker och aktuarier|738,500,595,860,1023|592,447,520,715,792|739,502,597,861,1023|0,612,804,871,0
2122|Statistiker|502,383,440,612,734|476,366,418,520,568|601,410,483,697,870|0,483,579,565,555
2131|Cell- och molekylärbiologer m.fl.|458,383,411,524,600|445,390,410,490,537|474,365,420,558,675|0,422,474,518,557
2132|Växt- och djurbiologer|411,351,379,456,521|408,369,388,430,461|417,332,366,481,0|0,374,423,452,466
2133|Farmakologer och biomedicinare|627,435,530,820,959|450,398,413,488,564|638,447,543,822,961|0,513,684,752,808
2134|Specialister och rådgivare inom lantbruk m.m.|433,358,395,490,555|425,360,379,470,497|435,357,400,494,560|0,404,440,480,460
2135|Specialister och rådgivare inom skogsbruk|443,340,390,505,550|390,330,365,421,482|456,349,400,510,553|0,414,461,451,468
2141|Civilingenjörsyrken inom logistik och produktionsplanering|493,381,424,593,695|0,0,0,0,0|493,381,424,593,695|0,450,518,579,558
2142|Civilingenjörsyrken inom bygg och anläggning|513,396,450,621,730|596,511,552,640,700|511,395,450,620,731|0,447,559,579,625
2143|Civilingenjörsyrken inom elektroteknik|542,410,465,637,750|567,432,496,631,690|542,409,465,637,751|375,460,564,624,651
2144|Civilingenjörsyrken inom maskinteknik|518,402,453,600,699|545,445,504,597,637|516,400,451,600,700|0,456,554,597,602
2145|Civilingenjörsyrken inom kemi och kemiteknik|526,400,441,598,695|0,0,0,0,0|526,400,441,598,695|0,447,529,593,600
2146|Civilingenjörsyrken inom gruvteknik och metallurgi|518,370,441,589,701|455,409,418,518,557|520,0,450,598,708|0,0,0,0,0
2149|Övriga civilingenjörsyrken|566,428,490,664,800|547,450,495,600,653|569,426,490,674,814|401,493,587,647,661
2161|Arkitekter m.fl.|503,380,430,589,641|475,425,449,541,587|505,380,430,590,641|0,418,508,565,588
2162|Landskapsarkitekter|453,380,401,521,546|460,405,427,497,531|440,374,390,542,557|0,402,477,498,0
2163|Planeringsarkitekter m.fl.|477,390,429,533,600|477,390,430,530,590|480,372,409,578,0|0,421,487,540,557
2164|Lantmätare|492,385,427,580,690|460,370,413,516,570|580,420,490,684,804|0,434,511,596,565
2171|Industridesigner|521,397,459,611,771|0,0,0,0,0|521,397,459,611,771|0,452,566,639,645
2172|Grafisk formgivare m.fl.|436,341,377,494,555|421,372,398,453,479|436,341,377,494,557|0,405,472,465,439
2173|Designer inom spel och digitala medier|480,321,394,573,700|0,0,0,0,0|480,320,393,573,700|0,445,518,556,0
2179|Övriga designer och formgivare|494,359,418,550,676|451,398,426,488,506|499,357,417,550,678|0,474,521,560,562
2181|Arbetsmiljöingenjörer, yrkes- och miljöhygieniker|513,420,472,598,702|500,467,480,542,566|514,413,464,621,716|0,478,532,568,574
2182|Miljö- och hälsoskyddsinspektörer|414,365,389,445,485|410,365,387,440,466|492,371,414,582,725|0,396,427,439,454
2183|Specialister inom miljöskydd och miljöteknik|466,375,0,530,654|459,388,420,500,545|470,365,0,558,697|0,439,492,570,541
2211|Specialistläkare|968,785,884,1052,1184|965,800,886,1050,1171|977,0,860,1067,1233|0,847,903,1018,1027
2212|ST-läkare|563,510,530,616,704|560,510,530,614,702|575,514,547,640,745|0,576,599,635,0
2213|AT-läkare|397,370,384,428,490|397,370,383,427,479|396,0,390,473,500|0,417,418,0,0
2219|Övriga läkare|495,367,423,579,940|475,363,406,535,682|604,414,504,1010,1100|0,474,550,671,795
2221|Grundutbildade sjuksköterskor|429,352,384,481,544|420,349,377,472,530|460,383,417,513,593|361,400,434,467,487
2222|Barnmorskor|483,413,440,545,612|486,414,442,547,615|468,411,432,518,581|0,447,471,511,547
2223|Anestesisjuksköterskor|500,417,452,555,602|499,413,448,549,599|531,439,482,576,620|0,427,481,526,551
2224|Distriktssköterskor|466,421,443,493,525|467,421,442,494,525|465,420,446,490,526|0,431,454,477,488
2225|Psykiatrisjuksköterskor|468,406,436,507,563|468,411,438,507,561|0,0,0,0,0|0,431,462,478,497
2226|Ambulanssjuksköterskor m.fl.|492,426,458,530,574|493,435,461,530,568|489,402,452,530,583|0,460,488,516,522
2227|Geriatriksjuksköterskor|450,382,413,491,542|450,382,413,491,541|454,380,410,501,567|0,413,444,476,491
2228|Intensivvårdssjuksköterskor|517,431,469,577,630|518,431,469,576,630|514,424,468,582,649|0,457,495,544,569
2231|Operationssjuksköterskor|511,413,458,552,604|501,408,448,554,605|0,480,0,530,600|0,426,473,519,549
2232|Barnsjuksköterskor|457,400,427,496,552|463,405,431,504,563|441,380,420,463,501|0,425,448,480,501
2233|Skolsköterskor|462,424,442,489,520|460,426,442,484,510|480,402,444,527,0|0,439,459,467,478
2234|Företagssköterskor|448,395,424,469,488|460,433,445,473,490|446,395,420,466,488|0,0,427,459,469
2235|Röntgensjuksköterskor|427,344,379,475,523|424,343,377,474,522|0,0,0,0,0|0,388,424,450,476
2239|Övriga specialistsjuksköterskor|464,399,430,506,556|463,399,430,506,555|470,400,431,509,593|0,427,453,480,490
