2241|Psykologer|484,411,438,527,570|483,400,436,525,565|487,430,440,537,584|0,431,486,517,545
2242|Psykoterapeuter|481,434,460,511,559|484,446,464,510,544|0,0,0,0,0|0,0,0,483,512
2250|Veterinärer|530,406,464,604,708|515,415,465,578,664|530,402,462,609,735|0,475,546,613,597
2260|Tandläkare|536,393,440,665,802|520,393,431,710,839|547,393,458,638,770|0,444,587,654,677
2272|Sjukgymnaster|400,328,355,434,483|394,328,358,425,450|413,327,351,467,500|323,354,402,434,440
2273|Arbetsterapeuter|397,340,366,422,444|396,337,365,420,440|409,353,375,438,478|323,362,389,410,418
2281|Apotekare|0,415,449,0,962|469,410,436,517,577|0,419,0,0,1069|0,460,567,0,0
2282|Dietister|382,319,344,414,448|375,315,340,408,444|412,344,377,433,473|0,340,382,410,424
2283|Audionomer och logopeder|383,320,347,420,452|386,323,351,421,454|0,0,0,0,0|0,349,390,386,427
2284|Optiker|462,394,403,481,571|0,0,0,0,0|462,394,403,481,571|0,414,469,468,0
2289|Övriga specialister inom hälso- och sjukvård|424,314,366,480,567|420,311,361,484,570|0,0,0,0,0|0,361,417,473,497
2311|Professorer|778,655,715,848,946|767,648,707,834,908|835,725,777,986,1110|0,0,760,790,800
2312|Universitets- och högskolelektorer|555,489,519,597,651|554,490,520,596,649|559,468,512,604,680|0,533,548,571,575
2313|Forskarassistenter m.fl.|436,373,400,471,524|436,370,390,466,507|435,405,415,500,546|0,403,439,479,483
2314|Doktorander|340,314,325,357,377|337,312,325,357,371|346,318,346,396,396|330,344,345,350,0
2319|Övriga universitets- och högskollärare|433,332,385,470,513|429,332,382,470,513|451,0,413,471,504|306,375,428,468,480
2320|Lärare i yrkesämnen|430,370,400,459,490|434,377,404,463,493|420,355,390,450,480|0,394,419,434,446
2330|Gymnasielärare|442,374,409,476,512|448,384,417,481,516|414,360,381,450,490|310,399,434,455,458
2341|Grundskollärare|421,325,380,460,500|421,329,380,461,500|420,305,378,458,494|274,386,416,439,441
2342|Fritidspedagoger|366,250,302,398,425|367,251,303,399,424|356,0,296,390,438|256,345,362,379,388
2343|Förskollärare|378,325,352,405,430|377,330,353,404,430|380,316,350,409,430|264,357,372,387,393
2351|Speciallärare och specialpedagoger m.fl.|478,418,449,505,532|480,424,451,506,533|459,375,420,494,527|0,421,458,480,486
2352|Studie- och yrkesvägledare|414,367,388,438,460|415,368,390,438,460|406,360,383,431,458|0,387,408,423,430
2359|Övriga pedagoger med teoretisk specialistkompetens|374,264,322,414,450|374,262,320,414,450|376,302,348,414,458|265,338,369,392,400
2411|Revisorer m.fl.|476,346,400,578,730|469,397,429,520,587|480,337,376,620,772|333,442,559,569,533
2412|Controller|551,415,473,664,800|486,395,437,544,602|595,435,507,720,870|364,513,601,636,600
2413|Finansanalytiker och investeringsrådgivare m.fl.|674,387,500,875,1184|540,435,473,897,938|674,387,500,875,1185|362,635,878,927,858
2414|Traders och fondförvaltare|865,527,652,0,2203|700,470,480,889,1020|869,530,654,0,2203|0,675,0,0,1062
2415|Nationalekonomer och makroanalytiker m.fl.|565,417,473,704,823|516,405,448,593,696|647,429,515,794,910|0,482,604,679,713
2419|Övriga ekonomer|520,361,426,644,789|478,379,415,537,594|522,360,429,651,800|0,493,563,594,585
2421|Lednings- och organisationsutvecklare|537,400,462,661,833|500,407,452,555,622|569,393,471,706,885|392,523,590,632,632
2422|Planerare och utredare m.fl.|461,352,398,538,617|455,351,395,527,599|490,361,407,580,699|326,417,467,501,513
2423|Personal- och HR-specialister|485,367,420,570,682|460,375,414,514,570|504,362,424,607,749|349,433,522,575,567
2431|Marknadsanalytiker och marknadsförare m.fl.|530,352,424,651,785|522,417,460,581,681|530,352,424,651,785|327,493,562,629,656
2432|Informatörer, kommunikatörer och PR-specialister|460,350,404,533,623|453,383,418,500,550|465,333,398,560,670|310,411,495,525,521
2511|Systemanalytiker och IT-arkitekter m.fl.|562,410,477,667,778|484,387,428,553,626|600,438,525,709,813|0,502,585,619,615
2512|Mjukvaru- och systemutvecklare m.fl.|535,396,462,626,726|485,386,429,539,589|536,398,465,630,732|361,493,566,611,623
2513|Utvecklare inom spel och digitala media|523,365,438,644,780|492,400,438,537,580|536,356,438,660,793|0,492,604,668,593
2514|Systemtestare och testledare|490,0,413,562,629|514,430,471,563,609|472,0,399,560,644|0,434,494,493,552
2515|Systemförvaltare m.fl.|525,395,446,611,696|503,412,449,560,604|536,395,444,633,711|0,500,553,534,565
2516|IT-säkerhetsspecialister|549,386,452,670,792|535,400,458,620,683|551,380,451,680,800|0,491,588,668,649
2519|Övriga IT-specialister|556,405,473,651,763|500,399,442,560,622|567,405,482,664,774|347,504,596,625,612
2611|Advokater|660,472,548,800,1000|0,0,0,0,0|660,472,548,800,1000|0,675,772,695,0
2612|Domare|760,434,448,802,850|760,434,448,802,850|0,0,0,0,0|0,446,632,796,821
2613|Åklagare|630,411,506,751,833|630,411,506,751,833|0,0,0,0,0|0,453,599,740,779
2614|Affärs- och företagsjurister|678,407,500,864,1091|0,0,0,0,0|678,407,500,864,1091|370,557,811,945,881
2615|Förvaltnings- och organisationsjurister|556,0,0,646,805|564,464,517,620,688|0,0,0,0,954|0,478,543,676,709
2619|Övriga jurister|468,342,380,570,694|435,323,345,515,582|540,360,450,678,825|334,430,534,569,560
2621|Museiintendenter m.fl.|412,316,361,466,490|387,310,344,425,470|466,348,0,466,534|0,362,436,420,429
2622|Bibliotekarier och arkivarier|383,339,359,409,444|382,339,358,407,439|400,317,365,446,585|0,359,382,400,401
2623|Arkeologer och specialister inom humaniora m.m.|451,362,405,508,578|466,396,433,515,580|416,346,381,504,570|0,392,468,482,487
2641|Författare m.fl.|419,320,364,491,560|0,0,0,0,0|419,320,364,491,560|0,376,432,0,499
2642|Journalister m.fl.|437,333,370,514,602|477,403,445,519,560|437,333,370,514,602|328,394,455,490,499
2643|Översättare, tolkar och lingvister m.fl.|396,295,352,456,520|396,325,353,451,492|397,289,350,462,527|0,359,405,418,418
2652|Musiker, sångare och kompositörer|444,343,403,495,570|0,0,0,0,0|444,343,403,495,570|0,430,0,444,460
2654|Regissörer och producenter av film, teater m.m.|477,375,418,560,718|0,0,0,0,0|479,375,418,560,719|0,448,499,536,580
2655|Skådespelare|375,273,310,415,500|385,311,349,419,455|371,0,0,405,500|0,342,370,413,412
2661|Socialsekreterare|412,355,381,447,481|411,355,380,445,479|0,0,0,0,0|349,389,423,441,444
2662|Kuratorer|414,369,390,440,465|413,368,390,437,461|417,369,388,453,479|0,386,409,424,434
2663|Biståndsbedömare m.fl.|394,347,370,420,445|394,347,370,420,445|0,0,0,0,0|342,375,402,416,424
2669|Övriga yrken inom socialt arbete|375,307,342,405,439|376,319,350,403,430|364,294,310,428,500|286,343,381,389,379
2671|Präster|509,450,478,552,616|0,0,0,0,0|509,450,478,552,616|0,0,492,530,534
2672|Diakoner|433,393,412,460,488|0,0,0,0,0|433,393,412,460,488|0,0,0,0,444
3111|Ingenjörer och tekniker inom industri, logistik och produktionsplanering|448,361,400,514,617|0,0,0,0,0|448,361,400,514,617|361,426,480,501,500
3112|Ingenjörer och tekniker inom bygg och anläggning|494,381,430,561,652|489,405,442,536,585|496,377,425,578,667|345,455,522,527,546
3113|Ingenjörer och tekniker inom elektroteknik|495,369,422,576,665|395,354,368,485,565|496,370,424,577,666|345,447,519,557,543
3114|Ingenjörer och tekniker inom maskinteknik|455,367,402,526,581|470,388,424,513,562|452,363,400,530,584|365,428,458,506,494
3115|Ingenjörer och tekniker inom kemi och kemiteknik|456,350,392,548,683|307,285,295,317,340|457,350,393,549,683|0,426,501,538,529
3116|Ingenjörer och tekniker inom gruvteknik och metallurgi|0,375,432,843,850|402,372,388,477,510|0,375,433,843,850|0,447,0,502,498
3117|GIS- och kartingenjörer|410,356,381,447,490|407,355,380,443,483|420,364,387,466,533|0,398,421,430,428
3119|Övriga ingenjörer och tekniker|445,350,387,533,634|438,363,385,495,551|446,350,387,537,642|337,422,481,512,497
3121|Arbetsledare inom bygg, anläggning och gruva|504,412,447,574,697|0,0,0,0,0|504,412,447,575,697|381,504,542,534,539
3122|Arbetsledare inom tillverkning|463,374,415,522,599|500,417,441,532,599|462,373,414,521,599|0,448,476,487,494
3151|Maskinbefäl|501,350,412,593,674|490,350,396,580,691|0,0,0,0,0|0,509,530,0,0
3152|Fartygsbefäl m.fl.|518,420,479,590,664|538,478,498,620,684|479,385,440,523,562|0,0,518,553,546
3153|Piloter m.fl.|707,0,525,1014,1154|881,537,639,1018,1102|598,389,470,968,1154|0,579,638,857,991
3154|Flygledare|927,487,632,996,1062|926,553,810,979,1011|0,0,0,0,0|0,0,818,947,949
3155|Flygtekniker|516,417,0,688,817|0,0,0,0,0|515,417,0,690,817|0,0,0,0,0
3211|Tekniker, bilddiagnostik och medicinteknisk utrustning|339,292,312,370,406|337,292,311,364,395|374,296,325,460,594|0,321,344,356,362
3212|Biomedicinska analytiker m.fl.|390,306,342,445,513|385,306,340,434,480|416,306,352,0,693|311,359,404,438,450
3213|Receptarier|452,390,417,499,557|423,390,407,448,469|455,390,419,501,562|455,453,464,476,470
3214|Tandtekniker och ortopedingenjörer m.fl.|400,312,351,445,493|425,348,385,460,511|368,288,320,408,462|0,362,403,430,419
3215|Laboratorieingenjörer|410,310,357,470,555|396,302,347,438,478|418,314,362,487,577|322,386,430,459,460
3240|Djursjukskötare m.fl.|335,274,300,383,432|355,316,340,384,428|330,273,298,383,432|290,329,373,383,382
3250|Tandhygienister|422,334,380,476,520|390,317,353,424,457|440,350,400,500,522|0,375,448,448,436
3312|Banktjänstemän|437,300,352,531,661|0,0,0,0,0|437,300,352,531,661|316,411,508,568,553
3313|Redovisningsekonomer|446,332,383,507,581|362,326,342,388,410|450,333,386,511,581|313,402,461,489,486
3314|Skadereglerare och värderare|417,318,365,495,609|0,0,0,0,0|417,318,365,495,609|316,397,444,493,499
3321|Försäkringssäljare och försäkringsrådgivare|484,312,369,663,856|0,0,0,0,0|484,312,369,663,856|300,453,580,653,631
3322|Företagssäljare|503,350,402,609,741|460,374,392,548,612|503,350,402,609,741|341,471,536,561,577
3323|Inköpare och upphandlare|492,380,424,579,685|473,389,428,520,570|499,380,423,595,700|388,445,508,570,543
3324|Ordersamordnare m.fl.|388,290,339,439,510|0,0,0,0,0|388,290,339,439,510|295,365,398,438,429
3331|Speditörer och transportmäklare|386,324,350,435,500|405,380,388,468,495|386,324,350,434,500|0,379,415,436,441
3332|Evenemangs- och reseproducenter m.fl.|384,261,298,490,550|0,0,0,0,0|384,261,298,490,550|0,340,448,449,453
3333|Arbetsförmedlare|362,330,346,386,412|365,338,350,386,413|358,290,325,383,407|0,347,353,373,386
3334|Fastighetsmäklare|450,300,370,600,797|0,0,0,0,0|450,300,370,600,797|0,0,0,0,0
3335|Fastighetsförvaltare|482,349,410,558,650|516,420,470,560,591|480,349,408,558,656|0,451,521,523,494
3339|Övriga förmedlare|409,332,357,480,612|392,355,373,430,445|409,332,355,480,612|0,402,448,483,484
3341|Gruppledare för kontorspersonal|480,345,394,593,818|0,0,0,0,0|480,345,394,593,818|0,426,559,597,546
3342|Domstols- och juristsekreterare m.fl.|356,300,330,428,532|345,317,330,373,500|404,0,0,465,631|293,379,430,440,429
