3343|Chefssekreterare och VD-assistenter m.fl.|393,301,348,474,600|371,315,340,410,457|451,0,380,574,664|303,358,401,451,458
3351|Tull- och kustbevakningstjänstemän|420,345,383,470,541|420,345,383,470,541|0,0,0,0,0|0,387,426,461,459
3352|Skattehandläggare|370,330,349,400,440|370,330,349,400,440|0,0,0,0,0|0,363,380,384,387
3353|Socialförsäkringshandläggare|360,301,323,396,427|360,301,323,396,427|0,0,0,0,0|316,350,364,374,372
3354|Säkerhetsinspektörer m.fl.|374,307,335,481,624|428,330,358,559,618|370,304,330,456,628|316,387,422,467,476
3355|Brandingenjörer och byggnadsinspektörer m.fl.|407,0,367,456,510|436,380,405,479,520|365,305,320,0,450|0,423,391,462,465
3359|Övriga handläggare|378,315,344,428,517|369,310,337,405,455|424,339,366,521,617|319,370,399,421,414
3360|Poliser|433,346,383,493,540|433,346,383,493,540|0,0,0,0,0|337,387,436,484,521
3411|Behandlingsassistenter och socialpedagoger m.fl.|367,315,340,400,434|370,321,343,400,430|364,302,331,400,440|328,359,371,381,379
3422|Idrottstränare och instruktörer m.fl.|339,256,287,416,537|306,258,280,334,365|348,256,293,437,542|311,344,392,405,390
3423|Fritidsledare m.fl.|326,254,293,359,394|326,265,300,353,383|328,243,275,370,401|271,320,343,341,353
3424|Friskvårdskonsulenter och hälsopedagoger m.fl.|355,292,324,404,450|386,330,350,435,484|344,281,321,385,450|0,346,375,373,377
3431|Fotografer|379,0,0,455,536|393,360,372,412,430|0,0,0,462,536|0,335,414,445,454
3433|Inspicienter och scriptor m.fl.|355,260,309,420,471|0,0,0,0,0|355,260,309,420,471|0,344,0,0,399
3449|Övriga utbildare och instruktörer|403,0,340,477,554|347,310,330,388,405|406,0,340,480,556|0,367,414,455,399
3451|Köksmästare och souschefer|399,349,375,435,470|0,0,0,0,0|399,349,375,435,470|0,396,411,399,0
3452|Storhushållsföreståndare|0,0,0,421,465|409,363,384,444,491|0,0,0,0,0|0,0,0,0,0
3511|Drifttekniker, IT|425,318,362,495,594|387,317,348,439,500|447,320,387,531,645|317,409,445,485,465
3512|Supporttekniker, IT|385,283,329,462,550|380,325,350,421,475|385,282,322,466,553|294,360,427,467,473
3513|Systemadministratörer|458,0,382,552,664|448,370,400,516,569|460,0,380,560,684|0,432,480,511,514
3514|Nätverks- och systemtekniker m.fl.|484,346,408,574,655|490,402,440,545,605|483,340,401,580,661|323,434,505,529,539
3515|Webbmaster och webbadministratörer|440,350,381,495,580|390,324,353,434,490|452,360,401,509,598|0,400,455,494,488
3521|Bild- och sändningstekniker|396,294,340,491,573|365,304,330,398,430|453,0,367,549,608|0,387,418,502,0
3522|Ljus-, ljud och scentekniker|379,276,311,455,540|386,353,366,428,448|378,276,311,460,540|0,355,381,451,439
4111|Ekonomiassistenter m.fl.|375,300,330,414,469|350,307,327,374,399|380,300,331,420,469|312,354,402,395,391
4112|Löne- och personaladministratörer|385,315,347,444,505|358,319,336,382,407|419,314,365,469,531|301,362,406,416,421
4113|Backofficepersonal m.fl.|396,311,347,492,560|0,0,0,0,0|396,311,347,492,560|297,391,443,453,445
4114|Marknads- och försäljningsassistenter|393,290,343,456,538|366,335,358,420,458|393,290,343,457,538|308,364,425,447,453
4115|Inköps- och orderassistenter|375,0,326,425,480|0,0,0,0,0|375,0,326,425,480|279,350,407,421,409
4116|Skolassistenter m.fl.|356,314,336,381,411|356,318,337,379,406|364,0,0,410,432|0,342,357,361,365
4117|Medicinska sekreterare, vårdadministratörer m.fl.|324,282,300,349,380|320,280,298,344,373|339,296,314,363,410|294,305,316,333,342
4119|Övriga kontorsassistenter och sekreterare|359,280,320,401,457|345,289,319,372,404|368,275,320,420,480|292,346,368,388,377
4211|Croupierer och oddssättare m.fl.|322,279,299,348,394|0,0,0,0,0|322,279,299,348,394|321,325,0,0,0
4212|Inkasserare och pantlånare m.fl.|340,296,311,374,402|0,0,0,0,0|340,296,311,374,402|0,325,0,0,0
4221|Resesäljare och trafikassistenter m.fl.|350,278,310,405,494|344,284,310,391,444|351,278,310,405,500|309,348,362,415,397
4222|Kundtjänstpersonal|320,245,274,371,446|335,300,314,350,369|316,243,271,376,446|274,322,358,375,383
4223|Telefonister|320,251,280,355,407|318,285,301,351,387|322,245,272,360,407|269,311,321,343,352
4224|Hotellreceptionister m.fl.|302,251,280,330,361|0,0,0,0,0|302,251,280,330,361|282,315,317,329,334
4225|Kontorsreceptionister|309,235,267,348,389|308,261,285,333,365|309,227,261,352,394|258,306,323,345,343
4226|Marknadsundersökare och intervjuare|251,212,246,293,365|295,266,278,309,324|249,210,242,283,376|0,0,0,0,281
4321|Arbetsledare inom lager och terminal|408,332,364,455,522|452,397,420,477,518|407,332,364,455,523|327,403,424,438,438
4322|Lager- och terminalpersonal|334,289,308,374,427|313,277,295,338,368|335,289,309,375,428|334,345,351,355,356
4323|Transportledare och transportsamordnare|401,340,368,450,506|428,323,387,471,512|400,340,367,448,503|343,391,427,427,427
4410|Biblioteks- och arkivassistenter m.fl.|309,255,281,332,360|309,259,283,332,352|303,239,258,0,522|267,294,321,317,317
4420|Brevbärare och postterminalarbetare|295,258,272,322,351|0,0,0,0,0|295,258,272,322,351|274,287,302,316,327
4430|Förtroendevalda|354,284,325,400,469|0,0,0,0,0|354,284,325,400,469|0,0,0,392,380
5111|Kabinpersonal m.fl.|333,261,288,382,440|0,0,0,0,0|333,261,288,382,440|294,324,360,361,373
5112|Tågvärdar och ombordansvariga m.fl.|365,318,338,392,416|0,0,0,0,0|365,318,338,392,416|336,363,367,370,369
5113|Guider och reseledare|310,261,282,348,370|325,292,309,355,383|305,260,277,348,369|293,318,333,0,0
5120|Kockar och kallskänkor|322,286,302,348,374|319,290,304,336,356|325,284,300,354,381|306,326,332,332,327
5131|Hovmästare och servitörer|302,234,279,337,369|0,0,0,0,0|302,234,279,337,369|279,326,322,307,339
5132|Bartendrar|313,255,289,346,377|0,0,0,0,0|313,255,289,346,377|288,332,346,0,0
5141|Frisörer|329,244,292,375,421|0,0,0,0,0|329,244,292,375,421|0,338,358,0,0
5144|Fotterapeuter|0,0,0,340,360|338,310,322,351,369|0,0,0,0,0|0,0,0,282,347
5149|Övriga skönhets- och kroppsterapeuter|259,227,231,350,360|0,0,0,0,0|259,227,231,0,360|0,0,0,0,0
5151|Städledare och husfruar|328,281,300,372,435|352,280,317,376,420|328,281,300,372,435|0,334,348,328,370
5152|Fastighetsskötare|333,280,304,365,396|319,266,295,347,381|340,285,312,368,400|288,327,340,345,340
5161|Begravnings- och krematoriepersonal|335,300,314,370,412|0,0,0,0,0|335,300,314,370,412|0,0,363,338,359
5169|Övrig servicepersonal|324,285,297,358,392|0,0,0,0,0|324,285,297,358,392|300,329,343,352,343
5221|Säljande butikschefer och avdelningschefer i butik|384,310,350,428,492|0,0,0,0,0|384,310,350,428,492|341,391,380,418,408
5222|Butikssäljare, dagligvaror|327,273,295,369,422|0,0,0,0,0|327,273,295,369,422|329,342,345,345,345
5223|Butikssäljare, fackhandel|330,270,297,376,456|0,0,0,0,0|330,270,297,376,456|334,356,345,345,352
5225|Bensinstationspersonal|345,288,315,377,409|0,0,0,0,0|345,288,315,377,409|337,350,357,368,367
5226|Uthyrare|339,281,283,380,433|0,0,0,0,0|339,281,283,380,433|302,340,384,395,362
5227|Apotekstekniker|333,267,299,374,420|0,0,0,0,0|333,267,299,374,420|315,327,340,351,359
5230|Kassapersonal m.fl.|293,230,259,337,384|317,298,310,338,342|293,230,259,337,384|290,299,340,331,320
5241|Eventsäljare och butiksdemonstratörer m.fl.|307,264,286,395,437|0,0,0,0,0|307,264,286,395,437|284,339,0,357,342
5242|Telefonförsäljare m.fl.|310,189,239,402,510|0,0,0,0,0|310,189,239,402,510|268,345,363,0,0
5311|Barnskötare|281,235,258,308,330|286,241,261,311,332|270,226,245,299,320|242,273,283,296,309
5312|Elevassistenter m.fl.|290,240,261,317,340|292,241,264,318,341|271,235,254,308,338|249,284,298,309,314
5321|Undersköterskor, hemtjänst, hemsjukvård och äldreboende|335,293,312,362,390|338,298,316,364,392|317,275,294,346,376|305,321,331,343,353
5323|Undersköterskor, vård- och specialavdelning|342,292,314,377,419|343,293,315,378,420|334,290,302,366,401|309,326,342,358,373
5324|Undersköterskor, mottagning|333,289,311,357,390|326,286,305,343,364|345,291,318,376,409|293,321,331,341,348
5325|Barnsköterskor|361,300,328,399,444|361,300,327,399,444|0,0,0,0,0|0,0,349,358,389
5326|Ambulanssjukvårdare|391,328,356,429,465|403,334,369,439,472|379,324,349,414,458|0,364,388,403,409
5330|Vårdbiträden|291,250,269,320,348|291,253,270,319,347|291,244,266,320,352|281,294,297,305,317
5341|Skötare|340,291,313,369,399|343,297,319,375,411|331,284,303,359,379|304,327,339,350,357
5342|Vårdare, boendestödjare|331,279,304,361,387|333,281,306,362,389|321,272,296,352,383|295,321,332,343,349
5343|Personliga assistenter|319,260,287,348,373|338,280,307,368,394|315,259,283,344,367|299,311,318,323,328
5349|Övrig vård- och omsorgspersonal|298,250,269,335,371|299,250,270,337,371|282,250,264,329,364|289,302,305,317,325
5350|Tandsköterskor|333,274,300,361,395|315,267,285,346,376|345,284,311,366,404|296,304,318,338,354
5411|Brandmän|376,337,356,405,446|375,336,356,402,443|404,351,371,436,510|335,360,381,401,419
5412|Kriminalvårdare|349,318,332,370,393|349,318,332,370,393|0,0,0,0,0|333,344,353,362,364
5413|Väktare och ordningsvakter|350,316,332,373,393|344,300,322,372,405|350,316,332,373,393|343,355,359,361,357
5414|SOS-operatörer m.fl.|328,273,297,356,390|0,0,0,0,0|328,273,297,356,390|300,325,342,353,0
5419|Övrig bevaknings- och säkerhetspersonal|331,278,307,370,452|340,284,311,396,477|327,274,300,356,420|302,338,371,383,369
6112|Trädgårdsodlare|300,226,268,343,374|0,0,0,0,0|300,226,268,343,374|0,317,0,272,0
6113|Trädgårdsanläggare m.fl.|310,259,283,342,392|313,267,290,338,371|309,258,282,344,400|279,306,314,348,324
6121|Uppfödare och skötare av lantbrukets husdjur|288,236,251,314,374|311,281,294,333,365|287,236,250,314,374|263,293,306,314,303
6129|Övriga djuruppfödare och djurskötare|302,0,260,345,380|271,250,257,286,310|316,0,0,348,380|275,307,0,0,0
6130|Växtodlare och djuruppfödare, blandad drift|273,248,259,303,361|327,259,287,360,385|270,248,258,291,0|279,272,0,0,0
6210|Skogsarbetare|326,275,286,360,415|362,325,347,392,425|326,275,286,360,413|325,347,337,331,348
7111|Träarbetare, snickare m.fl.|403,334,380,421,449|361,322,345,380,400|403,334,380,421,449|371,401,397,401,401
7112|Murare m.fl.|422,391,401,428,451|0,0,0,0,0|422,391,401,429,452|0,0,0,437,418
7113|Betongarbetare|400,333,361,428,515|0,0,0,0,0|400,333,361,428,515|379,405,411,397,417
7114|Anläggningsarbetare|402,320,352,437,507|350,302,322,385,423|407,320,355,442,514|371,419,407,419,405
7116|Ställningsbyggare|412,375,394,418,430|0,0,0,0,0|412,375,394,418,430|0,393,396,414,0
7119|Övriga byggnads- och anläggningsarbetare|400,309,352,425,457|0,0,0,0,0|400,309,352,425,457|345,401,387,406,396
7123|Isoleringsmontörer|433,347,390,435,435|0,0,0,0,0|433,347,390,435,435|0,0,0,0,0
7124|Glastekniker|375,281,313,375,375|0,0,0,0,0|375,281,313,375,375|0,363,0,0,0
