7125|VVS-montörer m.fl.|427,339,395,466,488|0,0,0,0,0|427,339,395,466,488|385,424,430,443,420
7126|Kyl- och värmepumpstekniker m.fl.|424,317,360,448,479|0,0,0,0,0|424,317,360,448,479|0,408,407,426,430
7131|Målare|379,322,357,400,411|360,309,350,374,378|379,322,357,400,411|294,360,375,388,383
7132|Lackerare och industrimålare|358,288,320,410,440|0,0,0,0,0|358,288,320,410,440|331,343,369,381,388
7133|Skorstensfejare|0,0,0,0,0|342,304,328,379,411|0,0,0,0,0|0,0,0,0,0
7134|Saneringsarbetare m.fl.|339,281,300,387,426|0,0,0,0,0|339,281,300,387,426|318,357,335,360,362
7211|Gjutare|311,269,284,354,383|0,0,0,0,0|311,269,284,354,383|0,0,0,0,0
7212|Svetsare och gasskärare|355,305,333,392,440|0,0,0,0,0|355,305,333,392,440|323,366,374,380,377
7214|Tunnplåtslagare|370,303,327,411,460|0,0,0,0,0|370,303,327,411,460|304,373,396,411,363
7215|Stålkonstruktionsmontörer och grovplåtsslagare|383,335,366,411,0|0,0,0,0,0|383,335,366,411,0|0,0,0,0,0
7221|Smeder|384,321,365,402,0|0,0,0,0,0|384,321,365,402,0|0,386,383,0,0
7222|Verktygsmakare|378,316,350,407,453|0,0,0,0,0|378,316,350,407,453|0,369,368,378,396
7223|Maskinställare och maskinoperatörer, metallarbete|353,290,318,396,451|339,298,313,363,390|353,290,318,396,452|343,364,364,369,367
7224|Slipare m.fl.|364,273,0,407,450|0,0,0,0,0|364,273,0,407,450|0,0,0,372,392
7231|Motorfordonsmekaniker och fordonsreparatörer|350,273,310,394,444|340,308,326,355,370|350,272,310,395,445|297,355,363,378,377
7233|Underhållsmekaniker och maskinreparatörer|400,331,362,442,487|355,318,334,388,440|400,331,363,443,488|358,392,410,418,412
7311|Finmekaniker|401,312,350,456,507|360,304,335,403,457|411,313,363,468,509|315,399,414,416,445
7319|Musikinstrumentmakare och övriga konsthantverkare|320,272,316,367,442|0,0,0,0,0|320,272,316,367,442|0,0,0,0,0
7321|Prepresstekniker|340,269,0,401,445|369,345,358,379,396|337,268,0,401,445|0,0,0,0,362
7322|Tryckare|340,267,294,384,438|0,0,0,0,0|340,267,294,384,438|301,333,344,377,355
7323|Bokbindare m.fl.|333,267,307,366,404|380,284,360,406,450|329,266,307,361,393|0,0,0,0,351
7411|Installations- och serviceelektriker|400,274,356,441,499|406,350,378,441,489|400,271,355,441,499|320,388,419,442,436
7412|Industrielektriker|408,340,360,444,497|433,374,381,470,512|408,340,360,444,496|372,410,422,431,440
7413|Distributionselektriker|429,342,387,451,526|0,0,0,0,0|429,342,387,451,526|386,410,454,449,465
7420|Elektronikreparatörer och kommunikationselektriker m.fl.|411,0,0,450,489|385,334,350,435,500|413,0,0,450,489|392,396,399,403,431
7522|Fin-, inrednings- och möbelsnickare|340,287,309,360,418|0,0,0,0,0|340,287,309,360,418|0,0,375,339,0
7523|Maskinsnickare och maskinoperatörer, träindustri|344,295,322,363,406|0,0,0,0,0|344,295,322,363,406|329,347,350,344,354
7531|Skräddare och ateljésömmerskor m.fl.|328,233,265,377,450|0,0,0,0,0|328,233,265,377,450|0,0,0,0,0
7533|Tapetserare|325,270,295,342,367|0,0,0,0,0|325,270,295,342,367|0,0,0,0,0
7534|Läderhantverkare och skomakare|335,278,309,374,408|0,0,0,0,0|335,278,309,374,408|0,0,0,0,0
7611|Slaktare och styckare m.fl.|304,289,294,349,372|0,0,0,0,0|304,289,294,349,372|290,313,327,333,332
7612|Bagare och konditorer|325,295,298,358,403|0,0,0,0,0|325,295,298,358,403|316,326,344,355,0
7619|Övriga livsmedelsförädlare|383,293,334,403,585|0,0,0,0,0|383,293,334,403,585|0,0,0,0,0
8111|Gruv- och stenbrottsarbetare|421,371,401,0,619|0,0,0,0,0|421,371,401,0,619|416,449,500,475,442
8112|Processoperatörer, stenkross- och malmförädlingsanläggning|494,395,455,525,562|0,0,0,0,0|494,395,455,525,562|461,482,502,486,493
8114|Maskinoperatörer, cement-, sten- och betongvaror|362,310,336,408,468|0,0,0,0,0|362,310,336,408,468|353,376,386,391,383
8115|Bergssprängare|466,392,419,520,597|0,0,0,0,0|466,392,419,520,597|0,0,0,0,0
8116|Stenhuggare m.fl.|435,0,0,435,435|0,0,0,0,0|435,0,0,435,435|0,0,0,0,0
8121|Maskinoperatörer, ytbehandling|351,303,328,388,434|0,0,0,0,0|351,303,328,388,434|339,354,359,370,365
8122|Valsverksoperatörer|407,337,362,433,453|0,0,0,0,0|407,337,362,433,453|376,403,399,407,402
8129|Övriga maskin- och processoperatörer vid stål- och metallverk|404,329,365,439,469|0,0,0,0,0|404,329,365,439,469|372,395,403,410,408
8131|Maskinoperatörer, farmaceutiska produkter|397,316,348,443,485|0,0,0,0,0|397,316,348,443,485|373,396,400,404,410
8132|Maskinoperatörer, kemisktekniska och fotografiska produkter|424,316,357,488,539|0,0,0,0,0|424,316,357,488,539|0,419,429,434,440
8141|Maskinoperatörer, gummiindustri|327,287,306,365,404|0,0,0,0,0|327,287,306,365,404|0,332,334,361,336
8142|Maskinoperatörer, plastindustri|336,285,309,368,404|0,0,0,0,0|336,285,309,368,404|314,343,349,349,346
8143|Maskinoperatörer, pappersvaruindustri|386,296,331,452,526|0,0,0,0,0|386,296,331,452,526|357,378,400,419,425
8151|Maskinoperatörer, blekning, färgning och tvättning|285,242,258,307,331|293,247,271,318,335|284,240,257,306,330|269,283,287,289,293
8159|Övriga maskinoperatörer, textil-, skinn- och läderindustri|317,272,299,343,377|0,0,0,0,0|317,272,299,343,377|0,315,318,326,330
8161|Maskinoperatörer, kött- och fiskberedningsindustri|322,291,295,349,378|0,0,0,0,0|322,291,295,349,378|320,324,327,331,347
8162|Maskinoperatörer, mejeri|364,305,340,400,429|0,0,0,0,0|364,305,340,400,429|0,366,382,0,357
8163|Maskinoperatörer, kvarn-, bageri- och konfektyrindustri|346,268,301,386,434|0,0,0,0,0|346,268,301,386,434|333,345,367,355,375
8169|Övriga maskinoperatörer inom livsmedelsindustri m.m.|332,276,302,375,413|0,0,0,0,0|332,276,302,375,413|328,342,340,358,311
8171|Processoperatörer, pappersmassa|447,381,416,478,509|0,0,0,0,0|447,381,416,478,509|401,435,454,456,453
8172|Processoperatörer, papper|424,351,387,464,496|0,0,0,0,0|424,351,387,464,496|392,414,434,437,431
8173|Operatörer inom sågverk, hyvleri och plywood m.m.|374,324,346,412,458|0,0,0,0,0|374,324,346,412,458|366,384,381,387,390
8174|Maskinoperatörer inom ytbehandling, trä|342,308,318,357,391|0,0,0,0,0|342,308,318,357,391|0,0,0,0,0
8181|Maskinoperatörer, påfyllning, packning och märkning|338,293,306,378,418|0,0,0,0,0|338,293,306,378,418|337,351,349,345,357
8189|Andra process- och maskinoperatörer|362,305,333,404,436|0,0,0,0,0|362,305,333,404,436|352,361,373,374,381
8191|Drifttekniker vid värme- och vattenverk|390,331,356,430,472|379,325,349,413,445|404,343,370,449,484|329,387,398,402,401
8192|Processövervakare, kemisk industri|400,316,351,459,535|0,0,0,0,0|400,316,351,459,535|365,401,413,431,434
8193|Processövervakare, metallproduktion|390,320,353,434,468|0,0,0,0,0|390,320,353,434,468|369,380,407,405,398
8199|Övriga drifttekniker och processövervakare|414,333,369,461,507|0,0,0,0,0|414,333,369,461,507|410,402,422,442,421
8211|Fordonsmontörer|350,297,320,384,440|0,0,0,0,0|350,297,320,384,440|318,348,360,382,357
8212|Montörer, elektrisk och elektronisk utrustning|328,274,294,369,397|0,0,0,0,0|328,274,294,369,397|317,332,342,342,343
8213|Montörer, metall-, gummi- och plastprodukter|330,285,304,364,395|0,0,0,0,0|330,285,304,364,395|309,332,334,339,351
8214|Montörer, träprodukter|341,308,325,358,382|0,0,0,0,0|341,308,325,358,382|319,339,344,345,354
8219|Övriga montörer|366,288,313,416,473|0,0,0,0,0|366,288,313,416,473|374,380,360,366,359
8311|Lokförare|455,373,414,489,518|0,0,0,0,0|455,373,414,489,518|387,432,457,461,468
8312|Bangårdspersonal|389,322,350,418,450|0,0,0,0,0|389,322,350,418,450|0,377,392,0,405
8321|Taxiförare m.fl.|295,278,280,317,324|0,0,0,0,0|295,278,280,317,324|0,318,290,303,295
8329|Övriga bil-, motorcykel- och cykelförare|312,164,280,331,364|319,276,300,339,377|308,159,270,329,362|280,291,288,318,319
8331|Buss- och spårvagnsförare|332,305,320,348,365|0,0,0,0,0|332,305,320,348,365|326,325,332,335,336
8332|Lastbilsförare m.fl.|339,307,322,364,396|321,300,315,331,344|339,307,322,364,396|337,351,344,348,347
8341|Förare av jordbruks- och skogsmaskiner|335,261,288,372,404|0,0,0,0,0|335,261,288,372,404|290,354,368,358,338
8342|Anläggningsmaskinförare m.fl.|358,318,338,390,434|380,348,359,389,393|358,318,338,391,434|335,362,383,371,368
8343|Kranförare m.fl.|405,0,0,433,457|0,0,0,0,0|405,0,0,433,457|0,0,0,0,0
8344|Truckförare|364,305,331,406,455|0,0,0,0,0|364,305,331,406,455|367,370,371,372,379
8350|Matroser och jungmän m.fl.|374,256,309,437,470|422,330,391,464,476|313,247,275,348,364|288,347,407,387,413
9111|Städare|285,251,269,298,318|282,251,267,297,312|287,251,270,298,320|269,285,285,288,289
9119|Övrig hemservicepersonal m.fl.|247,244,244,258,284|0,0,0,0,0|247,244,244,258,284|240,251,259,252,263
9120|Bilrekonditionerare, fönsterputsare och övriga rengöringsarbetare|303,235,276,345,397|280,234,252,305,328|306,235,279,350,397|287,311,337,300,327
9210|Bärplockare och plantörer m.fl.|276,246,256,299,321|270,250,257,275,285|276,246,256,299,321|278,284,287,277,284
9310|Grovarbetare inom bygg och anläggning|394,299,349,398,450|0,0,0,0,0|394,299,349,398,450|313,371,398,383,385
9320|Handpaketerare och andra fabriksarbetare|310,275,291,340,376|339,310,324,364,400|310,274,291,338,375|306,318,329,321,320
9331|Hamnarbetare|400,313,360,471,504|0,0,0,0,0|401,313,360,471,504|0,394,0,0,0
9332|Ramppersonal, flyttkarlar och varupåfyllare m.fl.|313,251,272,340,377|0,0,0,0,0|313,251,272,340,376|287,307,309,330,330
9412|Restaurang- och köksbiträden m.fl.|283,230,260,306,331|283,249,265,300,319|283,227,260,306,333|265,299,299,292,290
9413|Kafé- och konditoribiträden|275,0,239,290,303|0,0,0,0,0|275,0,239,290,303|255,292,0,0,0
9610|Renhållnings- och återvinningsarbetare|336,295,318,357,382|319,280,298,340,361|337,303,323,360,385|322,339,345,344,335
9621|Reklamutdelare och tidningsdistributörer|336,189,273,357,370|0,0,0,0,0|336,189,273,357,370|304,314,308,312,317
9622|Vaktmästare m.fl.|308,239,274,338,375|322,284,304,343,370|300,239,264,335,378|295,312,295,317,316
9629|Övriga servicearbetare|271,237,263,283,303|285,239,240,336,434|271,237,263,283,303|248,262,273,278,278
0000|Samtliga yrken|383,280,320,480,617|379,284,323,459,557|385,279,320,493,646|307,387,442,478,462
0110|Officerare|540,396,456,633,760|540,396,456,633,760|0,0,0,0,0|388,471,550,611,621
0210|Specialistofficerare|456,336,389,528,611|456,336,389,528,611|0,0,0,0,0|366,440,487,518,544
0310|Soldater m.fl.|318,260,280,396,489|318,260,280,396,489|0,0,0,0,0|345,384,409,0,0
